Iteration 0
1 10
6 26
8 49
10 74
12 106
15 138
17 166
20 200
24 235
25 263
27 295
29 323
30 353
33 383
37 415
41 449
45 482
46 512
48 540
50 573
52 604
54 642
56 677
61 714
66 755
70 784
75 810
80 831
86 852
91 877
96 906
101 933
104 964
107 988
110 1016
Iteration 1
1 10
1 26
1 49
2 74
3 106
4 138
5 166
6 200
7 235
8 263
9 295
10 323
12 353
14 383
15 415
17 449
19 482
21 512
23 547
25 577
26 608
29 638
31 676
34 713
36 749
38 786
40 818
42 852
45 873
47 897
49 920
52 938
54 959
57 974
61 995
63 1021
Iteration 2
0 10
0 28
1 50
1 76
2 103
2 136
3 169
4 204
5 232
6 264
7 292
8 322
9 356
11 389
12 422
13 464
15 496
16 529
18 565
20 596
21 629
23 660
25 694
29 733
34 775
39 806
44 842
49 869
53 905
55 937
57 973
60 994
62 1021
Iteration 3
0 10
0 25
0 45
1 65
1 92
2 123
3 157
3 194
4 229
5 262
6 302
7 333
8 366
9 401
11 437
12 469
13 501
15 536
18 572
19 595
21 616
23 642
25 669
27 692
29 719
30 739
33 761
35 785
37 811
39 840
41 863
43 886
46 901
48 921
Iteration 4
1 10
1 25
1 48
1 73
2 96
2 126
3 152
4 175
5 201
6 233
7 264
8 301
9 336
10 370
12 404
13 431
15 466
16 500
18 535
20 552
21 567
23 586
25 611
27 633
29 657
31 675
34 696
36 724
38 744
41 769
43 791
45 819
48 838
50 853
54 878
Iteration 5
0 10
1 27
1 46
1 67
2 93
3 120
3 153
4 187
5 213
6 241
7 267
8 295
9 330
11 369
12 405
13 443
15 477
16 507
18 540
20 568
21 593
23 622
25 657
27 684
29 707
31 733
34 754
36 773
38 797
40 821
43 845
45 857
46 867
46 876
Iteration 6
0 10
1 26
1 49
2 74
2 106
3 138
4 166
4 200
5 235
6 263
7 295
8 323
10 353
11 383
12 415
14 450
15 484
18 514
20 542
22 575
24 608
25 632
27 654
30 676
32 704
35 739
38 766
40 789
43 820
45 855
48 875
51 892
53 911
56 927
59 953
61 979
Iteration 7
0 10
0 29
1 55
1 75
2 99
2 129
3 163
4 194
5 227
6 263
7 296
8 331
9 367
10 404
12 436
13 467
14 501
16 542
18 571
19 603
21 640
23 667
25 692
27 719
29 744
31 765
35 783
37 807
39 831
41 855
44 880
46 901
47 922
Iteration 8
0 10
0 25
0 47
1 78
1 110
2 145
3 181
3 208
4 241
5 276
6 312
7 348
9 376
10 405
11 437
13 472
14 503
16 539
17 568
19 600
21 633
23 669
25 703
27 742
29 780
31 820
33 856
35 885
38 923
40 947
41 966
Iteration 9
1 10
1 26
1 49
1 74
2 106
3 138
3 166
4 200
5 235
6 263
7 295
8 323
9 353
10 383
12 415
13 449
15 482
16 512
18 545
19 582
21 612
23 648
25 686
27 728
29 755
31 784
33 810
35 831
38 852
40 877
42 906
44 933
47 964
50 988
52 1016
Iteration 10
0 10
0 25
1 45
1 65
2 92
2 123
3 157
4 194
5 229
6 262
7 302
8 333
9 366
10 401
12 437
13 469
15 501
16 536
18 572
20 595
21 616
23 642
25 669
27 692
29 719
31 739
34 761
37 785
40 811
42 840
44 863
47 886
50 901
52 921
Iteration 11
0 10
0 29
1 55
1 89
2 112
2 139
3 175
4 203
4 232
5 261
6 296
8 328
9 367
10 405
11 434
13 462
14 494
16 531
17 569
19 601
21 629
23 659
25 684
27 715
29 744
31 777
34 815
36 847
38 878
41 909
43 940
45 971
48 1007
Iteration 12
0 10
0 26
0 49
1 74
1 106
2 138
2 166
3 200
4 235
5 263
6 295
7 323
8 353
9 383
11 415
12 449
14 482
15 512
17 547
19 577
20 608
22 638
24 676
26 713
29 749
31 786
33 818
35 852
37 873
40 897
42 920
45 938
47 959
50 974
52 998
54 1014
Iteration 13
0 10
0 29
0 55
1 89
1 112
2 139
2 175
3 203
4 232
5 261
6 296
7 328
8 367
10 405
11 434
12 462
14 497
15 532
17 560
19 594
20 624
22 659
24 688
26 715
29 740
31 768
33 797
35 833
38 868
40 907
42 939
45 967
47 996
50 1028
Iteration 14
0 10
1 29
1 55
1 89
2 112
2 139
3 175
4 203
5 232
6 261
7 296
8 328
9 367
10 405
11 434
13 462
14 494
16 531
18 569
19 601
21 629
23 659
25 684
27 715
29 744
32 777
34 815
36 847
38 878
41 909
43 940
46 971
48 1010
Iteration 15
0 10
0 27
0 46
1 67
1 90
2 120
3 149
3 176
4 205
5 235
6 265
7 303
8 331
10 366
11 397
12 427
14 460
15 499
17 545
19 586
21 624
22 660
24 697
26 737
28 780
31 810
33 849
35 887
38 913
41 938
43 971
44 995
45 1014
Iteration 16
0 10
0 26
0 49
1 74
1 106
2 138
2 166
3 200
4 235
5 263
6 295
7 323
8 353
10 383
11 415
12 449
14 482
15 512
17 540
19 573
20 604
22 642
24 677
26 714
28 755
30 784
33 810
35 831
37 852
39 877
42 906
45 933
48 964
50 988
53 1016
Iteration 17
0 10
0 25
0 47
1 78
1 110
2 145
3 181
3 208
4 241
5 276
6 312
7 348
8 376
10 405
11 437
12 472
14 503
16 539
17 568
19 600
21 633
23 669
24 703
26 742
29 780
31 820
33 856
35 885
37 923
39 947
40 966
Iteration 18
0 10
1 29
1 52
1 79
2 99
2 128
3 162
5 188
7 210
8 236
10 262
11 288
12 317
14 345
15 373
17 406
19 441
21 470
26 501
28 533
30 560
32 588
35 614
37 641
40 674
43 706
47 735
50 772
55 802
60 826
63 854
65 879
Iteration 19
0 10
0 25
1 48
1 73
2 96
2 126
3 152
4 175
5 201
6 233
7 264
8 298
10 340
11 371
13 401
15 430
16 455
18 487
20 516
22 554
25 591
27 628
30 660
32 696
35 730
38 769
41 808
44 836
46 871
48 909
51 942
53 971
56 1001
Iteration 20
1 10
1 27
1 50
1 71
2 91
2 118
3 147
4 175
5 209
6 246
7 279
8 310
9 347
11 384
12 419
13 452
15 485
17 520
18 561
20 593
22 624
25 653
28 683
31 713
35 740
37 769
40 804
43 839
45 868
48 889
50 913
53 938
55 960
58 989
61 1027
Iteration 21
0 10
0 28
0 50
1 76
1 103
2 136
2 169
3 204
4 232
5 264
6 292
7 322
9 356
11 389
12 422
14 464
16 496
17 529
19 565
21 596
23 629
25 660
27 688
30 721
32 759
35 799
39 832
42 867
46 893
48 922
50 942
55 961
56 983
57 1005
Iteration 22
0 10
1 27
1 50
2 71
2 91
3 118
4 147
5 175
6 209
7 246
8 279
9 310
11 347
12 384
13 419
15 452
16 485
18 520
20 561
22 593
24 624
26 653
28 683
30 713
32 740
34 769
37 804
39 839
41 868
44 889
47 913
50 938
53 960
55 989
58 1027
Iteration 23
0 10
0 28
0 50
0 76
1 103
2 136
2 169
3 204
4 232
5 264
6 292
7 322
8 356
9 389
11 422
12 464
14 496
16 529
18 565
20 596
21 629
23 660
25 694
27 733
29 775
31 806
33 842
35 869
38 905
40 937
42 973
46 994
48 1021
Iteration 24
0 10
0 29
0 55
1 89
1 112
2 139
2 175
3 203
4 232
5 261
6 296
7 328
8 367
10 405
11 434
12 462
14 497
16 532
17 560
19 594
21 624
23 659
25 688
27 715
29 740
31 770
33 799
35 833
38 868
40 907
42 939
45 967
47 996
51 1028
Iteration 25
0 10
1 27
1 46
1 67
2 90
2 120
3 149
4 176
5 205
6 235
7 265
8 303
9 331
10 366
12 397
13 427
15 460
16 499
18 545
20 586
21 624
23 659
25 698
27 737
29 780
31 810
33 849
36 887
38 913
40 938
43 971
45 995
46 1014
Iteration 26
1 10
1 28
1 50
2 76
2 103
3 136
4 169
5 204
6 232
8 264
10 292
12 322
13 356
14 389
16 422
17 464
19 496
21 529
23 565
24 596
26 629
28 660
30 694
32 733
34 775
36 806
39 842
41 869
43 905
46 937
48 973
50 994
53 1021
Iteration 27
0 10
0 26
0 49
1 74
1 106
2 138
2 166
3 200
4 235
5 263
6 295
7 323
8 353
10 383
11 415
12 449
15 482
16 512
18 545
20 582
22 612
23 648
25 686
27 728
30 755
32 784
34 810
36 831
39 852
41 877
43 906
46 933
49 964
51 988
54 1016
Iteration 28
0 10
0 25
0 45
0 65
1 92
2 123
2 157
3 194
4 229
5 262
6 302
7 333
8 366
10 401
11 437
13 469
14 501
17 536
18 572
20 595
22 616
24 642
26 669
28 692
30 719
32 739
34 761
36 785
39 811
41 840
43 863
46 886
48 901
50 921
Iteration 29
0 10
1 29
1 55
1 89
2 112
2 139
3 175
4 203
5 232
6 261
7 296
8 328
9 367
11 405
13 434
15 462
18 497
20 532
22 560
24 594
26 624
29 659
33 688
35 715
38 740
40 770
42 799
45 833
50 868
53 907
55 939
58 967
61 996
65 1028
Iteration 30
0 10
0 29
1 55
2 75
2 99
3 126
4 157
4 194
5 220
6 256
7 282
8 311
10 347
11 379
13 416
16 447
19 476
20 508
22 540
24 577
26 616
29 658
32 692
36 720
38 753
40 781
42 810
45 842
49 867
53 889
55 913
58 942
60 975
61 995
61 1009
Iteration 31
0 10
1 29
1 55
2 89
3 112
4 139
5 175
6 203
7 232
8 261
9 296
11 328
12 367
13 405
15 434
17 462
19 494
22 531
24 569
26 601
28 629
30 659
33 684
36 715
40 744
43 777
45 815
47 847
50 878
53 909
55 940
58 971
61 1007
Iteration 32
0 10
1 29
1 52
1 79
2 99
3 128
3 162
4 188
6 210
8 236
9 262
10 288
11 317
13 345
14 373
16 406
17 441
19 470
21 501
22 533
24 560
26 588
28 614
30 641
33 674
35 706
38 735
40 772
43 802
45 826
47 854
50 879
Iteration 33
0 10
0 29
1 55
1 89
2 112
2 139
3 175
4 203
5 232
6 261
7 296
8 328
9 367
10 405
12 434
13 462
15 494
16 531
18 569
20 601
21 629
23 659
25 684
27 715
29 744
32 777
34 815
36 847
38 878
41 909
43 940
46 971
49 1010
Iteration 34
0 10
0 26
1 49
1 74
2 106
2 138
3 166
4 200
5 235
5 263
6 295
8 323
9 353
10 383
11 415
13 450
15 484
16 514
18 542
20 575
22 608
24 632
26 654
28 676
30 703
33 733
35 765
37 793
40 820
42 847
44 874
47 901
50 927
52 951
55 978
57 1007
Iteration 35
0 10
0 25
1 45
1 65
2 92
2 123
3 157
4 194
4 229
6 262
7 302
8 333
10 366
12 401
13 437
16 469
18 501
19 536
21 572
23 595
25 616
27 642
29 669
32 692
35 719
37 739
39 761
41 785
44 811
46 840
49 863
51 886
54 901
55 921
Iteration 36
0 10
1 26
1 49
1 74
2 106
2 138
3 166
4 200
5 235
6 263
7 295
8 323
9 353
12 383
14 415
15 450
17 484
18 514
20 542
22 575
23 608
25 632
27 654
29 676
31 704
33 739
36 766
38 789
40 820
43 855
45 875
48 892
50 911
53 927
56 953
58 979
Iteration 37
0 10
0 28
1 50
1 76
2 103
2 136
3 169
4 204
5 232
6 264
7 292
8 322
9 356
11 389
13 422
15 464
16 496
18 529
19 565
21 596
23 629
25 660
26 694
28 733
30 775
32 806
35 842
37 869
39 905
42 937
44 973
46 994
49 1021
Iteration 38
0 10
1 28
1 50
1 76
2 103
2 136
3 169
4 204
5 232
6 264
7 292
8 322
9 356
10 389
12 422
13 464
14 496
16 529
17 565
20 596
22 629
23 660
25 694
27 733
29 775
31 806
33 842
36 869
38 905
40 937
42 973
45 994
47 1021
Iteration 39
0 10
0 26
0 49
1 74
1 106
2 138
3 166
3 200
4 235
5 263
6 295
7 323
8 353
10 383
11 415
12 450
14 484
16 514
17 542
19 575
21 608
22 632
24 654
27 676
29 704
32 739
34 766
36 789
38 820
41 855
43 875
46 892
48 911
51 927
53 953
56 979
Iteration 40
0 10
0 29
1 55
1 75
2 99
2 126
3 157
4 194
4 220
5 249
6 278
8 308
9 336
10 370
11 402
13 433
14 467
16 495
18 530
20 566
22 599
24 628
26 659
28 699
30 728
32 760
35 785
37 812
39 842
42 868
44 902
46 935
47 965
Iteration 41
0 10
0 29
0 55
1 89
1 112
2 139
2 175
3 203
4 232
5 261
6 296
8 328
9 367
10 405
11 434
13 462
14 497
16 532
18 560
19 594
21 624
23 659
25 688
27 715
29 740
31 768
33 797
36 833
38 868
40 907
43 939
45 967
48 996
50 1028
Iteration 42
0 10
0 27
0 50
1 71
1 91
2 118
3 147
3 175
4 209
5 246
6 279
7 310
8 347
10 384
12 419
13 452
14 485
16 520
18 561
19 593
21 624
23 653
25 683
27 713
29 740
31 769
33 804
36 839
38 868
40 889
43 913
45 938
48 960
50 989
53 1027
Iteration 43
0 10
1 28
1 50
1 76
2 103
2 136
3 169
4 204
5 232
6 264
7 292
8 322
9 356
10 389
12 422
13 464
15 496
16 529
18 565
19 596
21 629
23 660
25 694
27 733
29 775
31 806
33 842
35 869
38 905
40 937
42 973
45 994
47 1021
Iteration 44
0 10
0 29
1 52
1 79
1 99
2 125
3 159
3 188
4 210
5 236
6 262
7 288
8 317
10 345
11 373
12 406
14 441
15 470
18 501
20 531
21 561
23 592
25 631
27 661
29 695
31 727
33 755
34 784
36 808
37 831
38 847
39 863
Iteration 45
0 10
0 26
0 49
1 74
1 106
3 138
3 166
4 200
5 235
6 263
7 295
8 323
9 353
11 383
12 415
13 449
15 482
17 512
18 547
20 577
22 608
24 638
26 676
28 713
30 749
32 786
35 818
37 852
40 873
43 897
45 920
48 938
50 959
53 974
56 998
58 1014
Iteration 46
0 10
0 27
1 50
2 71
2 91
3 118
3 147
4 175
5 209
6 246
7 279
8 310
9 347
11 384
12 419
13 452
15 485
17 520
18 561
20 593
22 624
24 653
26 683
28 713
30 740
32 769
34 804
36 839
39 868
41 889
44 913
46 938
49 960
51 989
54 1027
Iteration 47
0 10
0 29
0 55
1 75
2 99
3 126
3 157
4 194
5 220
6 249
7 278
9 308
10 336
13 370
16 402
17 433
19 467
20 495
22 530
24 566
26 599
28 628
30 659
33 699
35 728
37 760
40 785
42 812
44 842
47 868
49 902
51 935
53 965
Iteration 48
1 10
1 27
1 50
2 71
2 91
3 118
4 147
5 175
6 209
7 246
8 279
10 310
11 347
13 384
14 419
16 452
18 485
20 520
22 561
24 593
25 624
27 653
30 683
32 713
34 740
36 769
39 804
41 839
43 868
46 889
48 913
51 938
53 960
56 989
58 1027
Iteration 49
0 10
0 27
0 50
1 71
1 91
2 118
3 147
3 175
4 209
5 246
6 279
7 310
9 347
10 384
11 419
13 452
14 485
16 520
17 561
19 593
21 624
23 653
26 683
28 713
30 740
32 769
35 804
39 839
42 868
45 889
49 913
51 938
54 960
57 989
60 1027
