Iteration 0
1 10
6 29
8 55
10 75
12 99
14 126
17 159
19 194
23 220
25 249
27 278
28 308
29 336
32 370
36 402
39 435
42 469
44 502
45 534
47 571
49 599
50 626
52 652
56 683
60 713
65 745
69 775
74 803
78 831
83 864
88 902
91 936
-1 -1
Iteration 1
0 10
1 25
1 47
2 78
3 110
4 145
6 181
8 208
9 241
11 276
13 312
15 348
18 376
20 405
23 437
26 472
28 503
32 539
35 568
38 600
42 633
45 669
49 703
53 742
57 780
61 820
65 856
69 885
74 923
77 947
79 966
-1 -1
Iteration 2
1 10
1 29
2 52
2 79
3 99
4 125
5 159
7 188
8 210
10 236
12 262
14 288
17 317
19 345
21 373
24 406
27 441
30 470
34 501
37 533
41 560
44 588
48 614
52 641
56 674
60 706
64 735
68 772
73 802
77 826
82 854
86 879
-1 -1
Iteration 3
0 10
1 25
1 45
2 65
3 92
5 123
6 157
8 194
10 229
11 262
13 302
15 333
17 366
20 401
22 437
25 469
28 501
31 536
34 572
37 595
41 616
44 642
48 669
52 692
57 719
61 739
65 761
69 785
73 811
78 840
82 863
87 886
92 901
95 921
-1 -1
Iteration 4
0 10
0 25
1 45
2 65
3 92
4 123
5 157
6 194
8 229
10 262
12 302
14 333
16 366
19 401
21 437
24 469
27 501
29 536
32 572
35 595
39 616
44 642
47 669
51 692
55 719
58 739
63 761
67 785
71 811
76 840
80 863
85 886
90 901
93 921
-1 -1
Iteration 5
0 10
1 29
1 55
2 89
3 112
4 139
5 175
7 203
8 232
10 261
13 296
15 328
17 367
19 405
22 434
25 462
28 497
31 532
34 560
37 594
40 624
44 659
47 688
51 715
55 740
59 768
63 797
67 833
71 868
76 907
80 939
85 967
90 996
94 1028
-1 -1
Iteration 6
1 10
1 29
2 52
2 79
3 99
4 128
6 162
7 188
8 210
10 236
12 262
14 288
16 317
19 345
22 373
25 406
27 441
30 470
34 501
37 533
40 560
43 588
47 614
51 641
55 674
59 706
63 735
67 772
71 802
76 826
80 854
84 879
Iteration 7
2 10
7 29
8 55
10 89
12 112
15 139
17 175
20 203
24 232
26 261
27 296
28 328
30 367
33 405
36 434
40 462
44 497
46 532
47 560
49 594
51 624
53 659
55 688
60 715
64 740
69 768
74 797
79 833
84 868
89 907
94 939
99 967
102 996
104 1028
-1 -1
Iteration 8
0 10
0 29
1 55
2 89
2 112
3 139
4 175
5 203
6 232
7 261
8 296
9 328
10 367
12 405
13 434
15 462
17 494
19 531
20 569
22 601
24 629
26 659
28 684
30 715
32 744
35 777
37 815
39 847
41 878
43 909
46 940
48 971
51 1010
-1 -1
Iteration 9
0 10
0 26
0 49
1 74
1 106
2 138
2 166
3 200
4 235
5 263
7 295
10 323
13 353
15 383
19 415
22 450
25 484
29 514
32 542
33 575
35 608
37 632
39 654
41 676
43 703
45 733
48 765
50 793
52 825
55 847
57 868
60 894
63 929
66 953
68 980
71 1007
-1 -1
Iteration 10
1 10
1 29
1 55
1 75
2 99
3 126
3 159
4 194
5 220
6 249
7 278
8 308
9 336
10 370
11 402
12 433
14 467
15 495
17 530
19 566
20 599
22 628
24 659
26 699
28 728
30 760
32 785
34 812
37 842
40 868
43 902
45 935
46 965
-1 -1
Iteration 11
0 10
1 28
2 50
2 76
3 103
4 136
6 169
7 204
9 232
10 264
12 292
14 322
17 356
19 389
22 422
24 464
27 496
30 529
34 565
37 596
40 629
44 660
47 688
51 720
54 757
58 798
62 836
66 864
70 896
74 932
79 963
83 993
86 1018
-1 -1
Iteration 12
1 10
1 29
1 55
2 89
3 112
4 139
5 175
7 203
8 232
10 261
12 296
14 328
16 367
19 405
21 434
24 462
27 497
30 532
33 560
37 594
40 624
43 659
47 688
51 715
55 740
59 768
63 797
67 833
71 868
75 907
80 939
84 967
89 996
94 1028
-1 -1
Iteration 13
0 10
0 29
1 52
2 79
3 99
4 125
5 159
6 188
8 210
10 236
12 262
14 288
16 317
19 345
22 373
24 406
27 441
30 470
33 501
36 531
39 561
43 598
46 631
50 661
54 695
58 729
60 747
61 771
61 778
-1 -1
Iteration 14
0 10
0 25
1 45
2 65
3 92
4 123
6 157
8 194
9 229
11 262
13 302
15 333
18 366
21 401
24 437
27 469
30 501
33 536
36 572
40 595
43 616
47 642
50 669
55 692
59 719
63 739
67 761
73 785
77 811
81 840
86 863
91 886
96 901
100 921
-1 -1
Iteration 15
1 10
1 26
2 49
2 74
3 106
4 138
6 166
8 200
10 235
12 263
14 295
16 323
18 353
21 383
23 415
27 450
30 484
33 514
36 542
39 575
43 608
47 632
50 654
54 676
59 703
63 733
67 765
71 793
77 820
81 847
85 874
90 901
96 927
101 951
105 978
108 1007
-1 -1
Iteration 16
1 10
1 29
2 55
2 89
3 112
4 139
6 175
7 203
9 232
10 261
12 296
14 328
18 367
20 405
22 434
25 462
28 494
31 531
35 569
38 601
41 629
45 659
49 684
54 715
58 744
61 777
66 815
71 847
75 878
80 909
85 940
90 971
95 1010
-1 -1
Iteration 17
1 10
1 29
1 52
2 79
4 99
5 128
7 162
8 188
10 210
12 236
13 262
16 288
18 317
21 345
24 373
26 406
29 441
32 470
35 501
40 533
43 560
46 588
50 614
54 641
59 674
63 706
67 735
72 772
77 802
82 826
86 854
92 879
-1 -1
Iteration 18
0 10
0 29
1 55
2 89
3 112
4 139
5 175
7 203
9 232
11 261
13 296
15 328
17 367
20 405
23 434
26 462
29 497
32 532
35 560
38 594
42 624
46 659
50 688
53 715
58 740
62 770
66 799
70 827
76 858
80 894
84 932
89 969
95 1002
-1 -1
Iteration 19
0 10
1 29
1 55
2 89
3 112
4 139
5 175
7 203
8 232
10 261
13 296
15 328
18 367
21 405
23 434
26 462
30 494
32 531
35 569
38 601
41 629
45 659
49 684
53 715
57 744
62 777
66 815
70 847
74 878
80 909
84 940
89 971
94 1007
-1 -1
Iteration 20
0 10
0 29
1 55
2 89
3 112
4 139
5 175
7 203
8 232
11 261
12 296
14 328
18 367
20 405
23 434
25 462
28 494
31 531
35 569
38 601
41 629
44 659
48 684
52 715
56 744
60 777
64 815
70 847
74 878
79 909
84 940
88 971
93 1007
-1 -1
Iteration 21
0 10
1 29
1 55
2 89
3 112
5 139
6 175
8 203
9 232
11 261
13 296
15 328
17 367
19 405
22 434
25 462
28 497
31 532
34 560
37 594
41 624
44 659
48 688
52 715
56 740
60 768
64 797
68 833
73 868
78 907
82 939
87 967
92 996
97 1028
-1 -1
Iteration 22
0 10
0 26
1 49
2 74
3 106
4 138
5 166
7 200
9 235
10 263
12 295
14 323
17 353
19 383
21 415
25 449
28 482
30 512
33 547
37 577
40 608
43 638
47 676
51 713
54 749
58 786
63 818
67 852
71 873
75 897
81 920
85 938
90 959
95 974
100 995
105 1021
-1 -1
Iteration 23
1 10
1 29
1 55
2 89
3 112
4 139
5 175
7 203
8 232
10 261
12 296
14 328
16 367
19 405
21 434
24 462
26 494
29 531
32 569
35 601
39 629
42 659
46 684
49 715
53 744
58 777
62 815
66 847
70 878
74 909
79 940
83 971
88 1010
-1 -1
Iteration 24
0 10
0 29
1 55
2 89
2 112
4 139
5 175
6 203
8 232
9 261
11 296
13 328
16 367
18 405
20 434
23 462
26 497
29 532
32 560
35 594
38 624
42 659
45 688
49 715
53 740
57 768
61 797
65 833
69 868
74 907
78 939
83 967
87 996
93 1028
-1 -1
Iteration 25
0 10
0 26
1 49
2 74
3 106
4 138
5 166
7 200
8 235
10 263
12 295
14 323
16 353
18 383
21 415
23 450
26 484
29 514
32 542
35 575
38 608
42 632
46 654
49 676
53 704
57 739
61 766
65 789
69 820
74 855
78 875
83 892
87 911
92 927
97 953
102 979
-1 -1
Iteration 26
0 10
1 29
1 55
2 89
3 112
4 139
5 175
7 203
8 232
10 261
12 296
14 328
16 367
18 405
21 434
24 462
26 494
29 531
32 569
36 601
40 629
43 659
47 684
51 715
54 744
58 777
63 815
67 847
71 878
75 909
80 940
84 971
89 1007
-1 -1
Iteration 27
2 10
7 26
9 49
11 74
13 106
16 138
19 166
22 200
26 235
28 263
30 295
32 323
34 353
37 383
41 415
45 449
51 482
53 512
55 547
58 577
60 608
63 638
66 676
71 713
77 749
83 786
89 818
95 852
101 873
107 897
113 920
120 938
124 959
127 974
131 995
135 1021
-1 -1
Iteration 28
0 10
1 28
1 50
2 76
3 103
4 136
5 169
6 204
7 232
9 264
10 292
12 322
14 356
16 389
18 422
20 464
22 496
24 529
26 565
29 596
31 629
33 660
36 694
39 733
41 775
44 806
47 842
50 869
53 905
56 937
59 973
63 994
66 1021
-1 -1
Iteration 29
0 10
1 29
1 55
2 75
2 99
4 129
6 163
8 194
11 227
13 263
16 296
19 331
22 367
26 404
29 436
33 467
35 501
37 542
39 571
42 603
44 640
47 667
50 692
53 719
56 744
59 765
62 783
65 807
68 831
72 855
76 880
79 901
81 927
82 945
-1 -1
Iteration 30
0 10
1 29
1 52
2 79
3 99
5 125
6 159
8 188
9 210
11 236
13 262
15 288
17 317
19 345
22 373
24 406
27 441
30 470
33 501
36 533
40 560
43 588
47 614
51 641
55 674
59 706
63 735
67 772
71 802
75 826
79 854
84 879
-1 -1
Iteration 31
0 10
1 28
1 50
2 76
3 103
4 136
5 169
6 204
8 232
10 264
12 292
14 322
16 356
18 389
21 422
23 464
25 496
28 529
31 565
34 596
37 629
40 660
44 694
48 733
52 775
55 806
59 842
63 869
68 905
72 937
76 973
81 994
85 1021
-1 -1
Iteration 32
0 10
1 29
1 55
2 89
3 112
4 139
5 175
6 203
7 232
9 261
10 296
12 328
15 367
17 405
20 434
22 462
25 494
28 531
31 569
34 601
37 629
41 659
46 684
49 715
53 744
57 777
61 815
65 847
69 878
74 909
78 940
83 971
87 1007
-1 -1
Iteration 33
0 10
1 25
1 45
2 65
3 92
4 123
6 157
7 194
9 229
10 262
12 302
14 333
16 366
19 401
21 437
24 469
27 501
30 536
32 572
36 595
40 616
43 642
46 669
50 692
53 719
57 739
61 761
65 785
70 811
74 840
78 863
83 886
87 901
91 921
-1 -1
Iteration 34
0 10
1 28
1 50
2 76
3 103
4 136
5 169
7 204
9 232
10 264
12 292
14 322
16 356
18 389
21 422
24 464
26 496
29 529
32 565
35 596
38 629
41 660
44 694
48 733
51 775
55 806
60 842
64 869
68 905
72 937
77 973
81 994
85 1021
-1 -1
Iteration 35
1 10
1 29
1 55
2 89
3 112
4 139
5 175
7 203
8 232
10 261
12 296
14 328
16 367
19 405
21 434
24 462
26 494
29 531
32 569
36 601
39 629
42 659
46 684
49 715
53 744
58 777
62 815
66 847
70 878
74 909
78 940
83 971
87 1007
-1 -1
Iteration 36
0 10
1 26
1 49
2 74
3 106
4 138
5 166
7 200
8 235
10 263
12 295
14 323
16 353
18 383
21 415
23 449
26 482
29 512
32 540
35 573
39 604
42 642
46 677
50 714
54 755
58 784
62 810
66 831
70 852
74 877
78 906
83 933
87 964
92 988
97 1016
-1 -1
Iteration 37
0 10
0 28
1 50
1 76
2 103
3 136
5 169
6 204
7 232
9 264
11 292
13 322
15 356
18 389
20 422
23 464
25 496
28 529
31 565
35 596
38 629
42 660
45 688
49 721
52 759
56 799
59 832
64 867
68 893
72 922
76 942
81 961
83 983
84 1005
-1 -1
Iteration 38
0 10
1 29
1 55
2 89
3 112
4 139
5 175
7 203
8 232
10 261
12 296
14 328
16 367
18 405
21 434
23 462
26 497
29 532
33 560
36 594
40 624
43 659
46 688
50 715
54 740
58 768
62 797
66 833
70 868
74 907
78 939
83 967
87 996
92 1028
-1 -1
Iteration 39
0 10
0 29
1 52
1 79
2 99
4 128
5 162
6 188
8 210
9 236
11 262
13 288
16 317
18 345
20 373
24 406
27 441
29 470
32 501
35 531
39 561
42 598
46 631
49 661
53 695
57 727
60 755
63 784
65 808
67 831
68 847
69 863
-1 -1
Iteration 40
0 10
1 29
1 55
2 75
3 99
4 129
5 163
6 194
8 227
9 263
11 296
13 331
15 367
18 404
21 436
23 467
26 501
29 542
32 571
35 603
38 640
41 667
45 692
48 719
52 744
56 765
59 783
63 807
68 831
72 855
76 880
80 901
81 922
-1 -1
Iteration 41
0 10
0 25
1 48
1 73
2 96
2 126
3 152
4 175
5 201
7 233
8 264
9 298
11 340
14 371
15 401
17 430
19 455
21 487
23 516
25 554
28 591
30 628
33 660
35 696
38 730
41 769
44 808
47 836
49 874
51 909
54 942
57 971
61 1001
-1 -1
Iteration 42
0 10
1 29
1 55
2 89
2 112
3 139
4 175
5 203
6 232
7 261
10 296
11 328
13 367
14 405
16 434
18 462
20 494
22 531
24 569
26 601
29 629
31 659
34 684
36 715
39 744
42 777
44 815
47 847
50 878
53 909
57 940
60 971
63 1007
-1 -1
Iteration 43
0 10
0 26
0 49
1 74
2 106
2 138
3 166
5 200
7 235
8 263
10 295
12 323
14 353
16 383
18 415
20 449
22 482
24 512
26 547
28 577
31 608
33 638
36 676
38 713
41 749
44 786
47 818
49 852
53 873
56 897
59 920
62 938
65 959
69 974
72 995
75 1021
-1 -1
Iteration 44
0 10
0 26
1 49
1 74
2 106
3 138
4 166
4 200
6 235
7 263
8 295
10 323
11 353
13 383
15 415
16 449
18 482
20 512
23 545
25 582
27 612
30 648
32 686
35 728
37 755
40 784
43 810
46 831
50 852
53 877
56 906
59 933
62 964
66 988
69 1016
-1 -1
Iteration 45
0 10
0 28
0 50
1 76
2 103
2 136
3 169
4 204
5 232
7 264
8 292
9 322
11 356
12 389
14 422
16 464
18 496
20 529
22 565
24 596
26 629
29 660
31 688
34 720
36 757
40 798
43 836
45 864
48 896
51 932
54 963
57 993
60 1018
-1 -1
Iteration 46
0 10
0 29
0 52
1 79
2 99
2 125
3 159
4 188
6 210
7 236
8 262
10 288
11 317
13 345
15 373
16 406
18 441
20 470
23 501
25 531
27 561
30 598
32 631
35 661
39 695
41 729
43 747
43 771
44 778
Iteration 47
2 10
8 28
10 50
12 76
14 103
17 136
20 169
23 204
28 232
30 264
32 292
34 322
37 356
41 389
45 422
49 464
53 496
57 529
60 565
63 596
67 629
70 660
73 688
79 720
84 757
90 798
95 836
101 864
107 896
114 932
120 963
127 993
131 1018
-1 -1
Iteration 48
0 10
1 25
2 47
3 78
4 110
5 145
6 181
8 208
9 241
11 276
13 312
15 348
17 376
20 405
22 437
25 472
28 503
31 539
34 568
38 600
41 633
45 669
49 703
53 742
58 780
62 820
66 856
71 885
76 923
80 947
81 966
-1 -1
Iteration 49
0 10
1 26
1 49
2 74
3 106
4 138
5 166
7 200
8 235
10 263
12 295
14 323
17 353
19 383
21 415
24 450
27 484
30 514
33 542
36 575
39 608
43 632
46 654
50 676
54 704
59 739
63 766
67 789
71 820
76 855
80 875
84 892
89 911
94 927
99 953
104 979
-1 -1
Iteration 50
0 10
1 28
1 50
2 76
3 103
4 136
5 169
7 204
9 232
11 264
13 292
15 322
17 356
19 389
22 422
25 464
28 496
31 529
34 565
37 596
41 629
45 660
49 694
52 733
56 775
60 806
65 842
69 869
73 905
77 937
82 973
86 994
92 1021
-1 -1
Iteration 51
0 10
0 27
1 46
1 67
2 90
3 120
4 149
5 176
7 205
8 235
10 265
12 303
14 331
16 366
19 397
21 427
24 460
27 499
31 545
34 586
37 624
41 660
45 697
49 737
53 780
57 810
61 847
66 879
70 915
74 948
78 984
80 1019
-1 -1
Iteration 52
1 10
1 29
1 55
2 89
3 112
4 139
6 175
7 203
9 232
10 261
12 296
14 328
17 367
19 405
21 434
24 462
27 497
30 532
33 560
36 594
40 624
44 659
48 688
51 715
55 740
59 770
63 799
67 827
71 858
75 894
79 932
84 969
88 1002
-1 -1
Iteration 53
0 10
1 25
1 45
2 65
3 92
4 123
5 157
7 194
8 229
10 262
12 302
14 333
16 366
19 401
21 437
24 469
26 501
29 536
32 572
35 595
39 616
43 642
46 669
50 692
54 719
58 739
62 761
66 785
70 811
74 840
78 863
83 886
87 901
90 921
-1 -1
Iteration 54
0 10
0 26
1 49
2 74
3 106
4 138
5 166
7 200
8 235
10 263
12 295
14 323
16 353
18 383
20 415
22 450
24 484
27 514
29 542
32 575
35 608
39 632
43 654
47 676
51 703
54 733
58 765
62 793
67 820
71 847
75 874
80 901
84 927
89 951
94 978
96 1007
-1 -1
Iteration 55
0 10
0 29
1 55
2 89
2 112
3 139
4 175
6 203
7 232
9 261
11 296
13 328
15 367
18 405
20 434
24 462
26 494
29 531
32 569
36 601
39 629
42 659
46 684
49 715
53 744
57 777
61 815
65 847
69 878
74 909
78 940
82 971
87 1007
-1 -1
Iteration 56
0 10
1 29
2 55
3 89
4 112
5 139
7 175
8 203
10 232
12 261
14 296
17 328
19 367
23 405
26 434
29 462
32 494
35 531
38 569
41 601
44 629
48 659
52 684
55 715
59 744
63 777
67 815
71 847
75 878
79 909
83 940
88 971
93 1007
-1 -1
Iteration 57
0 10
0 29
1 55
1 89
2 112
3 139
4 175
6 203
7 232
9 261
11 296
14 328
16 367
19 405
21 434
24 462
26 494
29 531
32 569
35 601
39 629
42 659
46 684
49 715
53 744
57 777
61 815
65 847
69 878
74 909
78 940
83 971
87 1007
-1 -1
Iteration 58
0 10
1 26
1 49
2 74
3 106
4 138
5 166
7 200
9 235
10 263
12 295
14 323
16 353
19 383
21 415
24 449
26 482
29 512
32 540
36 573
39 604
42 642
45 677
49 714
53 755
57 784
61 810
65 831
69 852
73 877
78 906
82 933
87 964
92 988
97 1016
-1 -1
Iteration 59
1 10
1 29
1 55
2 75
3 99
4 129
5 163
7 194
8 227
10 263
12 296
14 331
16 367
18 404
21 436
23 467
26 501
29 542
32 571
35 603
38 640
42 667
45 692
49 719
53 744
57 765
61 783
65 807
69 831
74 855
79 880
83 901
85 927
87 945
-1 -1
Iteration 60
0 10
0 29
1 55
1 89
3 112
5 139
6 175
7 203
9 232
11 261
13 296
15 328
17 367
20 405
23 434
25 462
28 494
31 531
34 569
38 601
41 629
45 659
48 684
53 715
57 744
61 777
65 815
70 847
75 878
80 909
84 940
90 971
94 1010
-1 -1
Iteration 61
0 10
1 26
1 49
2 74
3 106
4 138
5 166
7 200
9 235
11 263
13 295
15 323
17 353
20 383
22 415
26 449
28 482
31 512
34 540
38 573
42 604
46 642
49 677
53 714
56 755
61 784
66 810
70 831
76 852
80 877
85 906
89 933
95 964
99 988
104 1016
-1 -1
Iteration 62
0 10
1 25
1 48
2 73
3 96
4 126
6 152
7 175
9 201
11 233
13 264
15 298
17 340
20 371
23 401
25 430
28 455
31 487
34 516
38 554
41 591
45 628
48 660
53 696
57 730
61 769
65 808
70 836
74 874
78 909
83 942
88 971
92 1001
-1 -1
Iteration 63
0 10
1 29
1 55
2 75
3 99
4 126
5 157
6 194
8 220
11 256
13 282
15 311
17 341
19 375
22 413
24 452
28 483
31 517
34 557
37 586
40 617
44 654
49 697
52 741
56 776
61 808
65 834
69 864
73 894
105 928
110 958
115 978
119 1002
-1 -1
Iteration 64
0 10
1 25
1 47
2 78
3 110
4 145
5 181
7 208
9 241
11 276
13 312
15 348
17 376
19 405
22 437
25 472
27 503
30 539
33 568
37 600
41 633
45 669
49 703
52 742
56 780
60 820
64 856
68 885
72 923
75 947
77 966
-1 -1
Iteration 65
1 10
1 29
1 55
2 89
2 112
3 139
4 175
5 203
6 232
7 261
9 296
10 328
12 367
14 405
15 434
17 462
19 497
21 532
23 560
26 594
28 624
30 659
33 688
36 715
38 740
41 770
44 799
47 833
50 868
53 907
57 939
60 967
64 996
67 1028
-1 -1
Iteration 66
0 10
0 27
1 46
1 67
2 90
3 120
4 149
5 176
6 205
7 235
9 265
10 303
12 331
13 363
15 391
16 419
18 446
20 479
23 517
25 552
27 596
30 635
32 672
35 712
38 755
41 795
43 825
47 861
50 892
53 914
56 945
58 964
59 987
60 1000
-1 -1
